C:\Users\yanghan9014\Desktop\VFX\Image-Stitching\images\DSC02960.JPG
7952 5304

8 0 2651.5 
0 8 3975.5 
0 0 1 

0.000594083 -0.247431 -0.968905 
0.999978 -0.00633668 0.00223132 
-0.0066918 -0.968885 0.247422 

927.879

C:\Users\yanghan9014\Desktop\VFX\Image-Stitching\images\DSC02961.JPG
7952 5304

8 0 2651.5 
0 8 3975.5 
0 0 1 

0.00264386 -0.389339 -0.921091 
0.999996 -0.000281237 0.00298922 
-0.00142294 -0.921094 0.389337 

926.742

C:\Users\yanghan9014\Desktop\VFX\Image-Stitching\images\DSC02962.JPG
7952 5304

8 0 2651.5 
0 8 3975.5 
0 0 1 

0.00547808 -0.532371 -0.846493 
0.999959 -0.00321401 0.00849255 
-0.00724191 -0.846505 0.532332 

925.136

C:\Users\yanghan9014\Desktop\VFX\Image-Stitching\images\DSC02963.JPG
7952 5304

8 0 2651.5 
0 8 3975.5 
0 0 1 

0.00809708 -0.63236 -0.774632 
0.999948 0.00998902 0.00229785 
0.00628466 -0.77461 0.632408 

922.953

C:\Users\yanghan9014\Desktop\VFX\Image-Stitching\images\DSC02964.JPG
7952 5304

8 0 2651.5 
0 8 3975.5 
0 0 1 

-0.00146327 -0.772561 -0.634939 
0.999999 -0.000596915 -0.00157826 
0.000840217 -0.63494 0.772561 

922.183

C:\Users\yanghan9014\Desktop\VFX\Image-Stitching\images\DSC02965.JPG
7952 5304

8 0 2651.5 
0 8 3975.5 
0 0 1 

0.00469502 -0.877041 -0.480393 
0.999975 0.0066746 -0.00241261 
0.00532233 -0.48037 0.87705 

920.801

C:\Users\yanghan9014\Desktop\VFX\Image-Stitching\images\DSC02966.JPG
7952 5304

8 0 2651.5 
0 8 3975.5 
0 0 1 

0.0102531 -0.950206 -0.311453 
0.999946 0.0102101 0.00176865 
0.00149934 -0.311455 0.95026 

918.13

C:\Users\yanghan9014\Desktop\VFX\Image-Stitching\images\DSC02967.JPG
7952 5304

8 0 2651.5 
0 8 3975.5 
0 0 1 

0.00533548 -0.993188 -0.116398 
0.99998 0.00488729 0.00413551 
-0.00353852 -0.116418 0.993194 

916.298

C:\Users\yanghan9014\Desktop\VFX\Image-Stitching\images\DSC02969.JPG
7952 5304

8 0 2651.5 
0 8 3975.5 
0 0 1 

-0.0109227 -0.97819 0.207423 
0.999893 -0.00866004 0.0118133 
-0.00975938 0.20753 0.97818 

912.311

C:\Users\yanghan9014\Desktop\VFX\Image-Stitching\images\DSC02970.JPG
7952 5304

8 0 2651.5 
0 8 3975.5 
0 0 1 

-0.0148365 -0.928266 0.37162 
0.999761 -0.00780373 0.0204215 
-0.0160566 0.371835 0.92816 

908.747

C:\Users\yanghan9014\Desktop\VFX\Image-Stitching\images\DSC02971.JPG
7952 5304

8 0 2651.5 
0 8 3975.5 
0 0 1 

-0.00265441 -0.851166 0.52489 
0.999808 0.00793209 0.0179189 
-0.0194154 0.524836 0.850982 

908.892

C:\Users\yanghan9014\Desktop\VFX\Image-Stitching\images\DSC02972.JPG
7952 5304

8 0 2651.5 
0 8 3975.5 
0 0 1 

-0.00756001 -0.715257 0.698821 
0.999888 0.00363378 0.0145362 
-0.0129365 0.698852 0.715149 

906.348

C:\Users\yanghan9014\Desktop\VFX\Image-Stitching\images\DSC02973.JPG
7952 5304

8 0 2651.5 
0 8 3975.5 
0 0 1 

-0.00027896 -0.581374 0.813636 
0.999913 0.0105596 0.00788801 
-0.0131775 0.813568 0.581321 

904.59

C:\Users\yanghan9014\Desktop\VFX\Image-Stitching\images\DSC02974.JPG
7952 5304

8 0 2651.5 
0 8 3975.5 
0 0 1 

0.0046196 -0.446685 0.894679 
0.999964 0.00849267 -0.000923094 
-0.00718588 0.894651 0.446708 

904.367

C:\Users\yanghan9014\Desktop\VFX\Image-Stitching\images\DSC02975.JPG
7952 5304

8 0 2651.5 
0 8 3975.5 
0 0 1 

0.00643937 -0.282314 0.959301 
0.999906 0.013454 -0.00275254 
-0.0121294 0.959228 0.282374 

903.84

C:\Users\yanghan9014\Desktop\VFX\Image-Stitching\images\DSC02976.JPG
7952 5304

8 0 2651.5 
0 8 3975.5 
0 0 1 

0.0250595 -0.0444159 0.998699 
0.999506 0.020044 -0.0241883 
-0.0189436 0.998812 0.0448964 

903.509

C:\Users\yanghan9014\Desktop\VFX\Image-Stitching\images\DSC02959.JPG
7952 5304

8 0 2651.5 
0 8 3975.5 
0 0 1 

0.00159435 -0.0305033 -0.999533 
0.999848 -0.0173452 0.00212416 
-0.017402 -0.999384 0.0304711 

930.837

