C:\Users\yanghan9014\Desktop\VFX\Image-Stitching\Jiannan\DSC03173.jpg
7952 5304

8 0 2651.5 
0 8 3975.5 
0 0 1 

-0.00787593 -0.999969 -0.000111925 
0.999869 -0.00787671 0.0141877 
-0.0141881 2.45137e-008 0.999899 

2082.35

C:\Users\yanghan9014\Desktop\VFX\Image-Stitching\Jiannan\DSC03174.jpg
7952 5304

8 0 2651.5 
0 8 3975.5 
0 0 1 

0.00103411 -0.990753 0.135675 
0.999871 0.00320104 0.0157542 
-0.0160428 0.135641 0.990628 

2080.11

C:\Users\yanghan9014\Desktop\VFX\Image-Stitching\Jiannan\DSC03175.jpg
7952 5304

8 0 2651.5 
0 8 3975.5 
0 0 1 

0.00121467 -0.970041 0.242938 
0.999935 0.00393341 0.0107064 
-0.0113411 0.242909 0.969983 

2078.84

C:\Users\yanghan9014\Desktop\VFX\Image-Stitching\Jiannan\DSC03176.jpg
7952 5304

8 0 2651.5 
0 8 3975.5 
0 0 1 

0.00455818 -0.932029 0.362354 
0.999922 0.00845846 0.00917801 
-0.0116191 0.362284 0.931995 

2077.01

C:\Users\yanghan9014\Desktop\VFX\Image-Stitching\Jiannan\DSC03177.jpg
7952 5304

8 0 2651.5 
0 8 3975.5 
0 0 1 

0.00737641 -0.876607 0.481151 
0.999911 0.0118218 0.00620856 
-0.0111305 0.481063 0.876616 

2075.14

C:\Users\yanghan9014\Desktop\VFX\Image-Stitching\Jiannan\DSC03178.jpg
7952 5304

8 0 2651.5 
0 8 3975.5 
0 0 1 

0.00970398 -0.82284 0.568191 
0.999843 0.0164094 0.00668756 
-0.0148264 0.568037 0.822869 

2073.88

C:\Users\yanghan9014\Desktop\VFX\Image-Stitching\Jiannan\DSC03179.jpg
7952 5304

8 0 2651.5 
0 8 3975.5 
0 0 1 

0.0181004 -0.738677 0.673817 
0.999821 0.0171353 -0.00807308 
-0.0055826 0.673842 0.738855 

2071.17

C:\Users\yanghan9014\Desktop\VFX\Image-Stitching\Jiannan\DSC03180.jpg
7952 5304

8 0 2651.5 
0 8 3975.5 
0 0 1 

0.012133 -0.655869 0.754778 
0.999774 0.0211338 0.00229311 
-0.0174553 0.754579 0.655977 

2067.88

C:\Users\yanghan9014\Desktop\VFX\Image-Stitching\Jiannan\DSC03181.jpg
7952 5304

8 0 2651.5 
0 8 3975.5 
0 0 1 

0.000233647 -0.516432 0.856328 
0.999785 0.0178755 0.0105075 
-0.0207337 0.856142 0.516325 

2063.15

C:\Users\yanghan9014\Desktop\VFX\Image-Stitching\Jiannan\DSC03182.jpg
7952 5304

8 0 2651.5 
0 8 3975.5 
0 0 1 

0.00936213 -0.339225 0.940659 
0.999942 0.0081873 -0.00699959 
-0.00532701 0.94067 0.339282 

2061.22

C:\Users\yanghan9014\Desktop\VFX\Image-Stitching\Jiannan\DSC03183.jpg
7952 5304

8 0 2651.5 
0 8 3975.5 
0 0 1 

-0.00451564 -0.23457 0.972089 
0.999978 0.00358758 0.0055109 
-0.00478012 0.972093 0.234548 

2058.2

C:\Users\yanghan9014\Desktop\VFX\Image-Stitching\Jiannan\DSC03184.jpg
7952 5304

8 0 2651.5 
0 8 3975.5 
0 0 1 

0.00380731 -0.0332606 0.99944 
0.999979 -0.00504892 -0.00397741 
0.00517837 0.999434 0.0332407 

2051.67

C:\Users\yanghan9014\Desktop\VFX\Image-Stitching\Jiannan\DSC03185.jpg
7952 5304

8 0 2651.5 
0 8 3975.5 
0 0 1 

0.00523631 0.0864131 0.996246 
0.999964 -0.0070205 -0.00464689 
0.0065926 0.996235 -0.0864469 

2050.79

C:\Users\yanghan9014\Desktop\VFX\Image-Stitching\Jiannan\DSC03186.jpg
7952 5304

8 0 2651.5 
0 8 3975.5 
0 0 1 

-0.0337188 0.235286 0.971341 
0.999292 -0.00828424 0.0366958 
0.0166808 0.971891 -0.23484 

2048.96

C:\Users\yanghan9014\Desktop\VFX\Image-Stitching\Jiannan\DSC03187.jpg
7952 5304

8 0 2651.5 
0 8 3975.5 
0 0 1 

-0.0132776 0.36994 0.928961 
0.99977 -0.0107168 0.0185574 
0.0168206 0.928994 -0.369713 

2046.73

C:\Users\yanghan9014\Desktop\VFX\Image-Stitching\Jiannan\DSC03188.jpg
7952 5304

8 0 2651.5 
0 8 3975.5 
0 0 1 

-0.0106598 0.474208 0.880348 
0.999794 -0.0101504 0.0175737 
0.0172695 0.880354 -0.474003 

2044.8

C:\Users\yanghan9014\Desktop\VFX\Image-Stitching\Jiannan\DSC03189.jpg
7952 5304

8 0 2651.5 
0 8 3975.5 
0 0 1 

-0.0142954 0.579993 0.814496 
0.999655 -0.00967508 0.0244347 
0.0220522 0.814564 -0.579654 

2043.55

C:\Users\yanghan9014\Desktop\VFX\Image-Stitching\Jiannan\DSC03190.jpg
7952 5304

8 0 2651.5 
0 8 3975.5 
0 0 1 

-0.0108258 0.664509 0.747202 
0.998908 -0.0267784 0.0382874 
0.0454511 0.7468 -0.663494 

2042.14

C:\Users\yanghan9014\Desktop\VFX\Image-Stitching\Jiannan\DSC03191.jpg
7952 5304

8 0 2651.5 
0 8 3975.5 
0 0 1 

0.00256019 0.706471 0.707738 
0.999564 -0.0226332 0.0189768 
0.029425 0.70738 -0.70622 

2041.48

C:\Users\yanghan9014\Desktop\VFX\Image-Stitching\Jiannan\DSC03192.jpg
7952 5304

8 0 2651.5 
0 8 3975.5 
0 0 1 

0.00518334 0.783872 0.6209 
0.999431 -0.0247602 0.0229159 
0.0333367 0.620428 -0.783555 

2039.74

C:\Users\yanghan9014\Desktop\VFX\Image-Stitching\Jiannan\DSC03193.jpg
7952 5304

8 0 2651.5 
0 8 3975.5 
0 0 1 

0.0196647 0.870914 0.491043 
0.99882 -0.0389311 0.0290486 
0.0444156 0.489892 -0.870651 

2036.66

C:\Users\yanghan9014\Desktop\VFX\Image-Stitching\Jiannan\DSC03194.jpg
7952 5304

8 0 2651.5 
0 8 3975.5 
0 0 1 

0.0161969 0.925865 0.377507 
0.999578 -0.0241082 0.0162404 
0.0241375 0.377084 -0.925864 

2034.57

C:\Users\yanghan9014\Desktop\VFX\Image-Stitching\Jiannan\DSC03195.jpg
7952 5304

8 0 2651.5 
0 8 3975.5 
0 0 1 

0.0196123 0.958543 0.284272 
0.999638 -0.0240391 0.0120915 
0.0184238 0.283932 -0.958668 

2030.78

C:\Users\yanghan9014\Desktop\VFX\Image-Stitching\Jiannan\DSC03172.jpg
7952 5304

8 0 2651.5 
0 8 3975.5 
0 0 1 

-0.0129689 -0.991457 -0.129786 
0.999727 -0.0153809 0.0175992 
-0.019445 -0.129522 0.991386 

2084.11

