C:\Users\yanghan9014\Desktop\VFX\Image-Stitching\Jiannan\DSC03172.jpg
7952 5304

8 0 2651.5 
0 8 3975.5 
0 0 1 

-0.0116027 0.0228771 -0.999671 
0.999696 -0.0214915 -0.0120948 
-0.0217611 -0.999507 -0.0226205 

1951.5

C:\Users\yanghan9014\Desktop\VFX\Image-Stitching\Jiannan\DSC03173.jpg
7952 5304

8 0 2651.5 
0 8 3975.5 
0 0 1 

-0.0065426 -0.115619 -0.993272 
0.999845 -0.0169867 -0.00460861 
-0.0163396 -0.993148 0.115712 

1950.08

C:\Users\yanghan9014\Desktop\VFX\Image-Stitching\Jiannan\DSC03174.jpg
7952 5304

8 0 2651.5 
0 8 3975.5 
0 0 1 

0.00223312 -0.258247 -0.966077 
0.999826 -0.0172973 0.00693498 
-0.0185015 -0.965924 0.258164 

1947.86

C:\Users\yanghan9014\Desktop\VFX\Image-Stitching\Jiannan\DSC03175.jpg
7952 5304

8 0 2651.5 
0 8 3975.5 
0 0 1 

0.00239371 -0.368877 -0.929475 
0.999904 -0.011779 0.00724978 
-0.0136226 -0.929403 0.368814 

1946.96

C:\Users\yanghan9014\Desktop\VFX\Image-Stitching\Jiannan\DSC03176.jpg
7952 5304

8 0 2651.5 
0 8 3975.5 
0 0 1 

0.00558268 -0.48956 -0.871952 
0.999885 -0.00952754 0.011751 
-0.0140604 -0.871918 0.48945 

1945.26

C:\Users\yanghan9014\Desktop\VFX\Image-Stitching\Jiannan\DSC03177.jpg
7952 5304

8 0 2651.5 
0 8 3975.5 
0 0 1 

0.00832653 -0.606397 -0.795119 
0.999871 -0.00584044 0.0149249 
-0.0136943 -0.79514 0.606271 

1943.22

C:\Users\yanghan9014\Desktop\VFX\Image-Stitching\Jiannan\DSC03178.jpg
7952 5304

8 0 2651.5 
0 8 3975.5 
0 0 1 

0.0105348 -0.689431 -0.724275 
0.999787 -0.00558028 0.019854 
-0.0177297 -0.72433 0.689225 

1941.87

C:\Users\yanghan9014\Desktop\VFX\Image-Stitching\Jiannan\DSC03179.jpg
7952 5304

8 0 2651.5 
0 8 3975.5 
0 0 1 

0.0188243 -0.786253 -0.617617 
0.999791 0.00989109 0.0178808 
-0.00794994 -0.617825 0.786275 

1940.39

C:\Users\yanghan9014\Desktop\VFX\Image-Stitching\Jiannan\DSC03180.jpg
7952 5304

8 0 2651.5 
0 8 3975.5 
0 0 1 

0.0129463 -0.85645 -0.516068 
0.999702 0.000413315 0.0243929 
-0.020678 -0.516231 0.8562 

1937.58

C:\Users\yanghan9014\Desktop\VFX\Image-Stitching\Jiannan\DSC03181.jpg
7952 5304

8 0 2651.5 
0 8 3975.5 
0 0 1 

0.000559161 -0.936508 -0.350645 
0.999707 -0.00795955 0.0228527 
-0.0241928 -0.350555 0.93623 

1934

C:\Users\yanghan9014\Desktop\VFX\Image-Stitching\Jiannan\DSC03182.jpg
7952 5304

8 0 2651.5 
0 8 3975.5 
0 0 1 

0.00891245 -0.988922 -0.148174 
0.99993 0.00766692 0.00897492 
-0.00773946 -0.148243 0.988921 

1933.3

C:\Users\yanghan9014\Desktop\VFX\Image-Stitching\Jiannan\DSC03183.jpg
7952 5304

8 0 2651.5 
0 8 3975.5 
0 0 1 

-0.00530279 -0.999464 -0.0323122 
0.999961 -0.00552781 0.00687836 
-0.00705329 -0.0322745 0.999454 

1930.84

C:\Users\yanghan9014\Desktop\VFX\Image-Stitching\Jiannan\DSC03184.jpg
7952 5304

8 0 2651.5 
0 8 3975.5 
0 0 1 

0.00319936 -0.983021 0.183466 
0.999988 0.00247448 -0.00417985 
0.00365491 0.183477 0.983017 

1924.35

C:\Users\yanghan9014\Desktop\VFX\Image-Stitching\Jiannan\DSC03185.jpg
7952 5304

8 0 2651.5 
0 8 3975.5 
0 0 1 

0.00424819 -0.951676 0.307074 
0.999977 0.00242404 -0.00632162 
0.00527176 0.307093 0.951665 

1923.71

C:\Users\yanghan9014\Desktop\VFX\Image-Stitching\Jiannan\DSC03186.jpg
7952 5304

8 0 2651.5 
0 8 3975.5 
0 0 1 

-0.0345947 -0.889686 0.455261 
0.999271 -0.038154 0.00137156 
0.0161498 0.454977 0.890357 

1922.04

C:\Users\yanghan9014\Desktop\VFX\Image-Stitching\Jiannan\DSC03187.jpg
7952 5304

8 0 2651.5 
0 8 3975.5 
0 0 1 

-0.013725 -0.811786 0.583794 
0.99977 -0.0207787 -0.00538883 
0.0165051 0.583586 0.811884 

1921.92

C:\Users\yanghan9014\Desktop\VFX\Image-Stitching\Jiannan\DSC03188.jpg
7952 5304

8 0 2651.5 
0 8 3975.5 
0 0 1 

-0.0107145 -0.734401 0.678631 
0.999798 -0.0194118 -0.00522193 
0.0170085 0.678438 0.734461 

1919.94

C:\Users\yanghan9014\Desktop\VFX\Image-Stitching\Jiannan\DSC03189.jpg
7952 5304

8 0 2651.5 
0 8 3975.5 
0 0 1 

-0.0138713 -0.638158 0.769781 
0.99966 -0.025848 -0.00341458 
0.0220764 0.769472 0.638299 

1919.11

C:\Users\yanghan9014\Desktop\VFX\Image-Stitching\Jiannan\DSC03190.jpg
7952 5304

8 0 2651.5 
0 8 3975.5 
0 0 1 

-0.00988776 -0.545637 0.837964 
0.998851 -0.0446858 -0.0173108 
0.0468905 0.836829 0.545452 

1917.97

C:\Users\yanghan9014\Desktop\VFX\Image-Stitching\Jiannan\DSC03191.jpg
7952 5304

8 0 2651.5 
0 8 3975.5 
0 0 1 

0.00382445 -0.493292 0.869855 
0.999549 -0.0240089 -0.01801 
0.0297685 0.869532 0.492978 

1916.99

C:\Users\yanghan9014\Desktop\VFX\Image-Stitching\Jiannan\DSC03192.jpg
7952 5304

8 0 2651.5 
0 8 3975.5 
0 0 1 

0.0069836 -0.382068 0.924108 
0.999406 -0.0285193 -0.0193438 
0.0337455 0.923694 0.381641 

1915.71

C:\Users\yanghan9014\Desktop\VFX\Image-Stitching\Jiannan\DSC03193.jpg
7952 5304

8 0 2651.5 
0 8 3975.5 
0 0 1 

0.022039 -0.223587 0.974435 
0.998735 -0.0391286 -0.0315667 
0.0451862 0.973899 0.222441 

1913.14

C:\Users\yanghan9014\Desktop\VFX\Image-Stitching\Jiannan\DSC03194.jpg
7952 5304

8 0 2651.5 
0 8 3975.5 
0 0 1 

0.0191127 -0.0911518 0.995654 
0.999547 -0.0214209 -0.0211485 
0.0232555 0.995607 0.090701 

1910.49

C:\Users\yanghan9014\Desktop\VFX\Image-Stitching\Jiannan\DSC03195.jpg
7952 5304

8 0 2651.5 
0 8 3975.5 
0 0 1 

0.0228841 0.0138408 0.999642 
0.999596 -0.017172 -0.0226453 
0.0168525 0.999757 -0.0142284 

1906.9

