C:\Users\yanghan9014\Desktop\VFX\Image-Stitching\Jiannan\DSC03173.jpg
7952 5304

8 0 2651.5 
0 8 3975.5 
0 0 1 

-0.00449403 -0.99999 -0.000130995 
0.999566 -0.00449593 0.0291257 
-0.0291259 1.80329e-008 0.999576 

2103.57

C:\Users\yanghan9014\Desktop\VFX\Image-Stitching\Jiannan\DSC03174.jpg
7952 5304

8 0 2651.5 
0 8 3975.5 
0 0 1 

0.00225408 -0.99092 0.134431 
0.999508 0.00643712 0.03069 
-0.0312767 0.134296 0.990448 

2101.23

C:\Users\yanghan9014\Desktop\VFX\Image-Stitching\Jiannan\DSC03175.jpg
7952 5304

8 0 2651.5 
0 8 3975.5 
0 0 1 

0.000710741 -0.970611 0.240654 
0.999645 0.00710428 0.0257008 
-0.0266552 0.24055 0.970271 

2100.05

C:\Users\yanghan9014\Desktop\VFX\Image-Stitching\Jiannan\DSC03176.jpg
7952 5304

8 0 2651.5 
0 8 3975.5 
0 0 1 

0.00206163 -0.933324 0.359029 
0.99964 0.0115247 0.0242193 
-0.0267422 0.35885 0.933012 

2098.24

C:\Users\yanghan9014\Desktop\VFX\Image-Stitching\Jiannan\DSC03177.jpg
7952 5304

8 0 2651.5 
0 8 3975.5 
0 0 1 

0.00300126 -0.878962 0.476883 
0.999662 0.014944 0.0212526 
-0.0258068 0.476658 0.87871 

2096.4

C:\Users\yanghan9014\Desktop\VFX\Image-Stitching\Jiannan\DSC03178.jpg
7952 5304

8 0 2651.5 
0 8 3975.5 
0 0 1 

0.00374819 -0.826198 0.563366 
0.999574 0.0194012 0.0218022 
-0.028943 0.563045 0.82592 

2095.12

C:\Users\yanghan9014\Desktop\VFX\Image-Stitching\Jiannan\DSC03179.jpg
7952 5304

8 0 2651.5 
0 8 3975.5 
0 0 1 

0.0101922 -0.743571 0.668579 
0.99977 0.0201744 0.00719623 
-0.0188391 0.668352 0.743607 

2092.93

C:\Users\yanghan9014\Desktop\VFX\Image-Stitching\Jiannan\DSC03180.jpg
7952 5304

8 0 2651.5 
0 8 3975.5 
0 0 1 

0.0027123 -0.662289 0.749244 
0.999559 0.0239434 0.0175461 
-0.02956 0.748866 0.662062 

2090.2

C:\Users\yanghan9014\Desktop\VFX\Image-Stitching\Jiannan\DSC03181.jpg
7952 5304

8 0 2651.5 
0 8 3975.5 
0 0 1 

-0.0119379 -0.525219 0.850883 
0.999449 0.0200976 0.0264278 
-0.0309811 0.85073 0.52469 

2084.74

C:\Users\yanghan9014\Desktop\VFX\Image-Stitching\Jiannan\DSC03182.jpg
7952 5304

8 0 2651.5 
0 8 3975.5 
0 0 1 

-0.0047239 -0.350702 0.936475 
0.999901 0.0107318 0.00906273 
-0.0132284 0.936426 0.350617 

2081.86

C:\Users\yanghan9014\Desktop\VFX\Image-Stitching\Jiannan\DSC03172.jpg
7952 5304

8 0 2651.5 
0 8 3975.5 
0 0 1 

-0.00760031 -0.99167 -0.128582 
0.999401 -0.0118756 0.0325157 
-0.0337718 -0.128258 0.991166 

2105.32

